234.27
190.53
162.64
143.35
129.13
118.38
109.82
102.94
97.23
92.38
88.33
84.71
81.56
78.75
76.24
73.97
71.97
70.06
68.37
66.81
65.36
64.03
62.8
61.63
60.51
59.47
58.49
57.58
56.71
55.89
55.13
54.4
53.68
53.05
52.41
51.8
51.2
50.65
50.12
49.6
49.08
48.59
48.15
47.67
47.23
46.81
46.41
46.01
45.61
45.25
44.87
44.52
44.2
43.86
43.53
43.21
42.92
42.61
42.31
42.03
41.74
41.48
41.21
40.96
40.71
40.47
40.22
40.01
39.78
39.58
39.36
39.14
38.94
38.74
38.57
38.38
38.2
38.01
37.82
37.62
37.44
37.25
37.07
36.92
36.75
36.58
36.41
36.24
36.1
35.95
35.79
35.65
35.49
35.36
35.22
35.09
34.94
34.81
34.67
34.55
34.42
34.28
34.13
34.01
33.88
33.76
33.63
33.52
33.4
33.28
33.18
33.07
32.96
32.84
32.74
32.64
32.53
32.43
32.33
32.23
32.13
32.03
31.94
31.84
31.75
31.65
31.55
31.47
31.37
31.29
31.21
31.12
31.04
30.96
30.88
30.8
30.73
30.64
30.57
30.49
30.42
30.34
30.27
30.19
30.13
30.04
29.97
29.91
29.83
29.76
29.69
29.63
29.56
29.48
29.42
29.36
29.3
29.23
29.17
29.11
29.04
28.97
28.9
28.84
28.78
28.72
28.66
28.61
28.55
28.49
28.44
28.38
28.32
28.27
28.22
28.16
28.1
28.05
27.99
27.94
27.89
27.83
27.78
27.74
27.68
27.63
27.58
27.53
27.48
27.43
27.38
27.33
27.28
27.24
27.18
27.13
27.09
27.04
27
26.96
26.91
26.87
26.82
26.78
26.73
26.69
26.65
26.61
26.58
26.53
26.5
26.46
26.41
26.37
26.33
26.29
26.26
26.22
26.18
26.15
26.1
26.06
26.03
25.99
25.96
25.92
25.89
25.85
25.81
25.78
25.75
25.71
25.68
25.64
25.61
25.58
25.55
25.52
25.48
25.45
25.41
25.38
25.35
25.32
25.29
25.26
25.22
25.19
25.16
25.13
25.11
25.08
25.05
25.02
24.99
24.95
24.93
24.9
24.87
24.83
24.81
24.77
24.75
24.72
24.7
24.67
24.64
24.62
24.59
24.56
24.53
24.51
24.48
24.45
24.43
24.41
24.38
24.35
24.33
24.31
24.29
24.26
24.23
24.21
24.18
24.16
24.13
24.1
24.08
24.06
24.03
24
23.98
23.95
23.93
23.9
23.88
23.86
23.83
23.81
23.78
23.76
23.73
23.71
23.69
23.67
23.64
23.62
23.59
23.57
23.55
23.53
23.51
23.49
23.47
23.45
23.43
23.4
23.39
23.36
23.35
23.33
23.31
23.29
23.26
23.24
23.23
23.21
23.19
23.17
23.15
23.13
23.11
23.09
23.07
23.05
23.03
23.01
22.99
22.98
22.96
22.94
22.92
22.9
22.89
22.87
22.85
22.83
22.81
22.8
22.78
22.77
22.75
22.73
22.71
22.7
22.68
22.66
22.64
22.63
22.61
22.59
22.57
22.56
22.54
22.53
22.52
22.5
22.49
22.48
22.46
22.45
22.43
22.42
22.4
22.38
22.37
22.35
22.34
22.32
22.3
22.29
22.27
22.26
22.24
22.23
22.21
22.19
22.18
22.16
22.15
22.14
22.12
22.1
22.09
22.08
22.06
22.05
22.04
22.02
22.01
21.99
21.98
21.97
21.95
21.94
21.93
21.91
21.9
21.89
21.88
21.87
21.85
21.84
21.82
21.82
21.8
21.79
21.78
21.77
21.75
21.74
21.72
21.71
21.7
21.68
21.67
21.66
21.64
21.63
21.62
21.6
21.59
21.57
21.56
21.55
21.54
21.53
21.52
21.5
21.49
21.48
21.47
21.45
21.44
21.43
21.42
21.41
21.4
21.38
21.37
21.36
21.35
21.34
21.32
21.31
21.3
21.29
21.28
21.27
21.26
21.24
21.24
21.23
21.21
21.2
21.19
21.18
21.17
21.16
21.15
21.14
21.13
21.12
21.11
21.1
21.09
21.08
21.07
21.06
21.05
21.04
21.03
21.02
21.01
21
20.99
20.98
20.96
20.95
20.94
20.93
20.92
20.91
20.9
20.89
20.89
20.88
20.86
20.85
20.85
20.84
20.83
20.82
20.81
20.8
20.78
20.77
20.76
20.75
20.74
20.74
20.73
20.72
20.71
20.7
20.69
20.68
20.67
20.66
20.65
20.64
20.64
20.63
20.62
20.61
20.61
20.6
20.59
20.58
20.58
20.56
20.55
20.55
20.54
20.53
20.52
20.51
20.5
20.5
20.49
20.48
20.47
20.47
20.45
20.44
20.44
20.43
20.42
20.41
20.4
20.39
20.38
20.38
20.37
20.36
20.36
20.35
20.34
20.33
20.32
20.32
20.31
20.3
20.29
20.28
20.28
20.27
20.26
20.26
20.25
20.24
20.23
20.22
20.22
20.21
20.2
20.2
20.19
20.18
20.17
20.16
20.16
20.15
20.14
20.13
20.13
20.12
20.11
20.1
20.1
20.09
20.08
20.07
20.07
20.06
20.05
20.04
20.04
20.03
20.03
20.02
20.01
20.01
20
19.99
19.98
19.98
19.97
19.96
19.95
19.95
19.94
19.93
19.92
19.92
19.91
19.91
19.9
19.89
19.88
19.88
19.87
19.86
19.86
19.85
19.84
19.84
19.83
19.83
19.82
19.81
19.81
19.8
19.8
19.79
19.78
19.78
19.77
19.76
19.76
19.75
19.75
19.74
19.73
19.73
19.72
19.72
19.71
19.71
19.7
19.7
19.69
19.68
19.68
19.67
19.66
19.66
19.65
19.65
19.64
19.64
19.63
19.63
19.62
19.62
19.61
19.61
19.6
19.6
19.59
19.58
19.58
19.57
19.57
19.57
19.56
19.56
19.55
19.55
19.54
19.53
19.53
19.52
19.52
19.51
19.5
19.5
19.49
19.49
19.48
19.48
19.47
19.47
19.46
19.46
19.46
19.45
19.44
19.44
19.43
19.43
19.42
19.41
19.41
19.4
19.4
19.39
19.38
19.38
19.38
19.37
19.36
19.36
19.35
19.35
19.34
19.34
19.33
19.33
19.32
19.32
19.32
19.31
19.31
19.3
19.29
19.29
19.29
19.28
19.27
19.27
19.26
19.26
19.25
19.25
19.24
19.24
19.24
19.23
19.23
19.22
19.22
19.21
19.21
19.2
19.2
19.19
19.19
19.18
19.18
19.17
19.17
19.16
19.16
19.15
19.15
19.14
19.14
19.14
19.13
19.13
19.12
19.12
19.11
19.11
19.1
19.1
19.1
19.09
19.09
19.08
19.08
19.08
19.07
19.07
19.06
19.06
19.05
19.05
19.05
19.04
19.04
19.03
19.03
19.02
19.02
19.01
19.01
19
19
18.99
18.99
18.98
18.98
18.98
18.97
18.97
18.96
18.96
18.95
18.95
18.94
18.94
18.94
18.93
18.93
18.92
18.92
18.92
18.91
18.91
18.9
18.9
18.9
18.89
18.89
18.88
18.88
18.87
18.87
18.87
18.86
18.86
18.86
18.85
18.85
18.84
18.84
18.84
18.83
18.83
18.82
18.82
18.81
18.81
18.81
18.8
18.8
18.79
18.79
18.79
18.78
18.78
18.77
18.77
18.77
18.76
18.76
18.76
18.75
18.74
18.74
18.74
18.73
18.73
18.72
18.72
18.72
18.71
18.71
18.71
18.7
18.7
18.7
18.69
18.69
18.68
18.68
18.68
18.67
18.67
18.66
18.66
18.66
18.65
18.65
18.64
18.64
18.64
18.63
18.63
18.62
18.62
18.62
18.61
18.61
18.61
18.6
18.6
18.6
18.6
18.59
18.59
18.59
18.58
18.58
18.58
18.57
18.57
18.56
18.56
18.56
18.55
18.55
18.55
18.55
18.54
18.54
18.54
18.53
18.53
18.52
18.52
18.52
18.51
18.51
18.51
18.51
18.5
18.5
18.5
18.49
18.49
18.49
18.48
18.48
18.48
18.47
18.47
18.47
18.46
18.46
18.45
18.45
18.45
18.44
18.44
18.44
18.44
18.44
18.43
18.43
18.42
18.42
18.42
18.41
18.41
18.41
18.41
18.4
18.4
18.4
18.39
18.39
18.39
18.38
18.38
18.38
18.37
18.37
18.37
18.36
18.36
18.36
18.35
18.35
18.35
18.34
18.34
18.34
18.33
18.33
18.33
18.32
18.32
18.31
18.31
18.31
18.31
18.3
18.3
18.3
18.29
18.29
18.29
18.28
18.28
18.28
18.27
18.27
18.27
18.27
18.27
18.26
18.26
18.26
18.25
18.25
18.25
18.25
18.24
18.24
18.24
18.23
18.23
18.23
18.23
18.22
18.22
18.22
18.21
18.21
18.21
18.2
18.2
18.2
18.2
18.19
18.19
18.19
18.18
18.18
18.18
