238.48
195.5
167.88
148.54
134.08
123.03
114.12
106.9
100.85
95.69
91.36
87.48
84.13
81.09
78.39
75.96
73.82
71.78
69.98
68.32
66.77
65.35
64.04
62.81
61.62
60.51
59.49
58.51
57.59
56.73
55.94
55.16
54.4
53.73
53.05
52.39
51.76
51.19
50.62
50.07
49.52
49
48.53
48.03
47.56
47.12
46.7
46.28
45.86
45.47
45.07
44.71
44.36
44.01
43.65
43.31
43
42.68
42.36
42.06
41.76
41.48
41.21
40.94
40.67
40.42
40.15
39.93
39.69
39.47
39.23
39
38.79
38.58
38.4
38.2
38
37.8
37.6
37.39
37.19
36.99
36.81
36.64
36.46
36.28
36.1
35.92
35.77
35.62
35.45
35.29
35.13
34.98
34.84
34.7
34.54
34.39
34.25
34.12
33.98
33.84
33.69
33.55
33.41
33.29
33.15
33.02
32.9
32.77
32.66
32.55
32.43
32.31
32.2
32.09
31.98
31.87
31.76
31.65
31.54
31.44
31.34
31.23
31.14
31.03
30.93
30.84
30.74
30.64
30.56
30.46
30.37
30.29
30.2
30.12
30.04
29.94
29.87
29.78
29.7
29.62
29.54
29.46
29.39
29.3
29.22
29.15
29.07
29
28.91
28.85
28.78
28.7
28.63
28.56
28.5
28.43
28.36
28.29
28.22
28.15
28.07
28
27.94
27.88
27.81
27.75
27.69
27.63
27.57
27.5
27.44
27.38
27.32
27.26
27.2
27.14
27.09
27.03
26.97
26.91
26.85
26.8
26.75
26.69
26.63
26.58
26.52
26.47
26.41
26.36
26.31
26.26
26.2
26.15
26.1
26.05
26
25.95
25.9
25.86
25.81
25.76
25.71
25.66
25.62
25.58
25.54
25.49
25.45
25.41
25.36
25.32
25.27
25.23
25.19
25.15
25.11
25.07
25.02
24.98
24.93
24.89
24.86
24.82
24.78
24.74
24.7
24.66
24.63
24.59
24.55
24.51
24.48
24.45
24.41
24.37
24.34
24.3
24.26
24.23
24.19
24.16
24.12
24.09
24.06
24.02
23.98
23.95
23.92
23.89
23.86
23.83
23.8
23.76
23.73
23.7
23.67
23.63
23.6
23.56
23.53
23.5
23.48
23.44
23.41
23.39
23.35
23.32
23.3
23.27
23.24
23.21
23.18
23.16
23.13
23.09
23.07
23.04
23.02
22.99
22.96
22.93
22.9
22.87
22.85
22.82
22.79
22.76
22.73
22.7
22.68
22.65
22.62
22.59
22.57
22.54
22.51
22.48
22.46
22.43
22.41
22.38
22.36
22.33
22.31
22.28
22.25
22.23
22.2
22.18
22.16
22.13
22.11
22.09
22.07
22.04
22.02
22
21.98
21.95
21.93
21.91
21.88
21.86
21.84
21.82
21.8
21.78
21.76
21.74
21.71
21.69
21.66
21.65
21.63
21.61
21.59
21.57
21.54
21.52
21.51
21.48
21.47
21.45
21.43
21.4
21.38
21.36
21.35
21.33
21.31
21.29
21.27
21.25
21.23
21.21
21.19
21.17
21.15
21.13
21.11
21.09
21.08
21.06
21.05
21.03
21.02
21
20.98
20.97
20.95
20.93
20.92
20.89
20.88
20.86
20.84
20.82
20.8
20.78
20.77
20.75
20.74
20.72
20.7
20.68
20.66
20.65
20.63
20.61
20.59
20.58
20.56
20.55
20.53
20.52
20.5
20.48
20.46
20.45
20.44
20.42
20.41
20.39
20.38
20.36
20.35
20.34
20.32
20.3
20.29
20.28
20.26
20.25
20.23
20.22
20.2
20.19
20.18
20.16
20.14
20.13
20.12
20.1
20.08
20.07
20.05
20.04
20.02
20.01
19.99
19.97
19.96
19.95
19.94
19.93
19.91
19.89
19.88
19.86
19.85
19.84
19.82
19.81
19.8
19.79
19.77
19.76
19.74
19.73
19.72
19.7
19.69
19.68
19.66
19.65
19.64
19.63
19.62
19.6
19.59
19.58
19.56
19.55
19.54
19.52
19.51
19.5
19.5
19.49
19.47
19.46
19.45
19.43
19.42
19.41
19.4
19.39
19.37
19.36
19.35
19.34
19.33
19.32
19.3
19.29
19.28
19.27
19.26
19.24
19.23
19.23
19.21
19.2
19.19
19.18
19.17
19.16
19.15
19.14
19.13
19.11
19.1
19.09
19.08
19.06
19.06
19.04
19.03
19.03
19.01
19
18.99
18.98
18.97
18.96
18.95
18.94
18.93
18.92
18.91
18.9
18.89
18.88
18.87
18.86
18.86
18.85
18.84
18.83
18.82
18.81
18.8
18.79
18.77
18.76
18.75
18.75
18.74
18.73
18.72
18.71
18.7
18.69
18.68
18.67
18.66
18.65
18.64
18.63
18.62
18.61
18.61
18.6
18.59
18.58
18.57
18.56
18.55
18.54
18.53
18.52
18.51
18.5
18.5
18.49
18.48
18.47
18.46
18.45
18.44
18.43
18.43
18.42
18.41
18.4
18.39
18.38
18.37
18.36
18.36
18.35
18.34
18.33
18.32
18.31
18.3
18.3
18.29
18.28
18.27
18.26
18.25
18.24
18.23
18.23
18.22
18.21
18.2
18.2
18.19
18.18
18.17
18.16
18.15
18.14
18.13
18.12
18.12
18.11
18.1
18.09
18.09
18.07
18.07
18.06
18.05
18.04
18.04
18.03
18.02
18.01
18.01
18
17.99
17.98
17.98
17.97
17.96
17.95
17.95
17.94
17.94
17.93
17.92
17.92
17.91
17.9
17.9
17.89
17.88
17.87
17.87
17.86
17.86
17.85
17.84
17.84
17.83
17.82
17.81
17.81
17.8
17.79
17.79
17.78
17.77
17.77
17.76
17.75
17.75
17.74
17.73
17.73
17.72
17.72
17.71
17.7
17.7
17.69
17.69
17.68
17.67
17.67
17.66
17.66
17.65
17.64
17.64
17.63
17.62
17.62
17.61
17.61
17.6
17.59
17.58
17.58
17.57
17.57
17.56
17.55
17.55
17.54
17.54
17.53
17.52
17.52
17.51
17.5
17.5
17.49
17.48
17.48
17.47
17.46
17.46
17.45
17.44
17.44
17.43
17.42
17.42
17.41
17.41
17.4
17.39
17.39
17.39
17.38
17.38
17.37
17.36
17.36
17.35
17.35
17.34
17.33
17.33
17.32
17.32
17.31
17.3
17.3
17.29
17.29
17.28
17.28
17.27
17.27
17.26
17.26
17.25
17.24
17.24
17.23
17.23
17.22
17.22
17.21
17.21
17.2
17.19
17.19
17.18
17.18
17.17
17.17
17.16
17.16
17.15
17.15
17.14
17.14
17.13
17.13
17.12
17.12
17.11
17.11
17.1
17.1
17.09
17.09
17.08
17.08
17.07
17.07
17.06
17.06
17.05
17.05
17.04
17.03
17.03
17.02
17.02
17.01
17
17
16.99
16.99
16.98
16.98
16.98
16.97
16.96
16.96
16.96
16.95
16.95
16.94
16.93
16.93
16.93
16.92
16.92
16.91
16.91
16.9
16.9
16.89
16.89
16.88
16.88
16.87
16.87
16.86
16.86
16.85
16.85
16.84
16.84
16.83
16.83
16.82
16.82
16.82
16.81
16.81
16.8
16.79
16.79
16.79
16.78
16.77
16.77
16.77
16.76
16.76
16.75
16.75
16.74
16.74
16.74
16.73
16.72
16.72
16.72
16.71
16.7
16.7
16.69
16.69
16.68
16.68
16.67
16.67
16.67
16.66
16.66
16.65
16.65
16.64
16.64
16.64
16.63
16.63
16.62
16.62
16.62
16.61
16.61
16.6
16.6
16.59
16.59
16.59
16.58
16.58
16.57
16.57
16.56
16.56
16.55
16.55
16.54
16.54
16.54
16.54
16.53
16.53
16.52
16.52
16.51
16.51
16.51
16.5
16.5
16.49
16.49
16.49
16.48
16.48
16.48
16.47
16.47
16.47
16.46
16.46
16.45
16.45
16.44
16.44
16.44
16.43
16.43
16.43
16.42
16.42
16.42
16.41
16.41
16.4
16.4
16.4
16.39
16.39
16.38
16.38
16.37
16.37
16.37
16.36
16.36
16.36
16.35
16.35
16.35
16.34
16.34
16.34
16.33
16.33
16.32
16.32
16.32
16.31
16.31
16.31
16.3
16.3
16.3
16.29
16.29
16.28
16.28
16.28
16.27
16.27
16.27
16.26
16.26
16.25
16.25
16.25
16.24
16.24
16.23
16.23
16.23
16.22
16.22
16.21
16.21
16.21
16.2
16.2
16.2
16.19
16.19
16.18
16.18
16.18
16.17
16.17
16.17
16.16
16.16
16.16
16.15
16.15
16.15
16.15
16.14
16.14
16.13
16.13
16.13
16.12
16.12
16.12
16.11
16.11
16.11
16.11
16.1
16.1
16.09
16.09
16.09
16.08
16.08
16.08
16.07
16.07
16.07
16.06
16.06
16.06
16.05
16.05
