262.69
265.86
265.21
264.44
263.63
263
262.49
262
261.68
261.31
261.01
260.85
260.62
260.55
260.46
260.37
260.28
260.19
260.16
260.09
260
259.99
259.95
259.93
259.87
259.84
259.77
259.79
259.75
259.72
259.69
259.7
259.68
259.69
259.68
259.69
259.65
259.65
259.65
259.62
259.6
259.59
259.59
259.59
259.59
259.58
259.56
259.56
259.55
259.56
259.56
259.55
259.54
259.54
259.53
259.53
259.52
259.52
259.5
259.5
259.49
259.49
259.48
259.48
259.46
259.47
259.46
259.46
259.45
259.46
259.46
259.45
259.46
259.46
259.45
259.44
259.44
259.45
259.44
259.42
259.43
259.42
259.42
259.4
259.4
259.4
259.4
259.39
259.4
259.39
259.4
259.4
259.4
259.4
259.4
259.41
259.4
259.39
259.39
259.39
259.38
259.37
259.35
259.36
259.37
259.37
259.36
259.36
259.36
259.36
259.35
259.35
259.35
259.35
259.34
259.34
259.34
259.34
259.34
259.33
259.33
259.32
259.31
259.31
259.3
259.3
259.3
259.29
259.3
259.31
259.31
259.3
259.29
259.29
259.29
259.28
259.28
259.27
259.28
259.28
259.28
259.28
259.27
259.28
259.28
259.28
259.28
259.28
259.28
259.27
259.27
259.27
259.26
259.26
259.25
259.25
259.25
259.24
259.24
259.25
259.25
259.25
259.25
259.24
259.24
259.24
259.24
259.24
259.25
259.24
259.24
259.25
259.25
259.25
259.25
259.24
259.23
259.24
259.24
259.24
259.24
259.24
259.23
259.24
259.23
259.23
259.24
259.24
259.23
259.23
259.23
259.23
259.22
259.23
259.23
259.23
259.23
259.22
259.23
259.22
259.22
259.22
259.22
259.22
259.22
259.22
259.22
259.22
259.22
259.22
259.22
259.22
259.21
259.21
259.21
259.22
259.21
259.22
259.22
259.22
259.21
259.21
259.21
259.21
259.22
259.22
259.22
259.22
259.22
259.22
259.22
259.22
259.21
259.21
259.21
259.2
259.21
259.21
259.21
259.21
259.21
259.21
259.21
259.2
259.2
259.2
259.2
259.2
259.2
259.2
259.2
259.19
259.19
259.19
259.19
259.18
259.18
259.18
259.17
259.17
259.16
259.16
259.17
259.17
259.17
259.17
259.17
259.17
259.17
259.17
259.17
259.17
259.17
259.16
259.17
259.17
259.17
259.17
259.17
259.18
259.18
259.17
259.17
259.17
259.17
259.17
259.16
259.16
259.17
259.17
259.17
259.17
259.17
259.16
259.16
259.16
259.16
259.16
259.16
259.16
259.16
259.16
259.16
259.16
259.15
259.15
259.15
259.15
259.15
259.15
259.15
259.15
259.15
259.15
259.15
259.15
259.15
259.15
259.15
259.15
259.15
259.15
259.15
259.15
259.15
259.15
259.15
259.15
259.15
259.14
259.15
259.15
259.15
259.15
259.15
259.14
259.14
259.14
259.14
259.14
259.14
259.14
259.14
259.14
259.14
259.14
259.14
259.14
259.14
259.15
259.15
259.15
259.15
259.15
259.15
259.15
259.15
259.15
259.16
259.15
259.15
259.15
259.15
259.15
259.15
259.15
259.15
259.15
259.15
259.15
259.15
259.15
259.15
259.15
259.15
259.15
259.15
259.14
259.14
259.14
259.14
259.14
259.14
259.15
259.15
259.15
259.14
259.14
259.14
259.15
259.15
259.15
259.14
259.15
259.15
259.15
259.14
259.15
259.15
259.15
259.15
259.14
259.14
259.14
259.14
259.15
259.14
259.15
259.15
259.15
259.15
259.15
259.15
259.15
259.15
259.15
259.15
259.16
259.16
259.16
259.16
259.15
259.16
259.15
259.15
259.15
259.15
259.15
259.15
259.15
259.15
259.15
259.15
259.15
259.15
259.15
259.15
259.15
259.15
259.15
259.15
259.15
259.15
259.15
259.15
259.15
259.15
259.15
259.15
259.15
259.15
259.14
259.15
259.15
259.15
259.15
259.14
259.14
259.14
259.14
259.14
259.14
259.14
259.14
259.14
259.14
259.14
259.14
259.14
259.14
259.14
259.14
259.15
259.15
259.15
259.15
259.15
259.15
259.15
259.15
259.14
259.14
259.14
259.14
259.14
259.14
259.14
259.14
259.14
259.15
259.14
259.14
259.14
259.14
259.14
259.14
259.14
259.15
259.15
259.15
259.15
259.14
259.15
259.15
259.14
259.14
259.14
259.14
259.14
259.14
259.14
259.14
259.14
259.13
259.14
259.14
259.14
259.14
259.14
259.14
259.14
259.14
259.14
259.14
259.14
259.14
259.13
259.13
259.13
259.13
259.14
259.14
259.13
259.14
259.14
259.13
259.13
259.13
259.14
259.13
259.13
259.13
259.13
259.13
259.14
259.14
259.13
259.13
259.13
259.13
259.13
259.13
259.12
259.12
259.12
259.12
259.13
259.12
259.13
259.12
259.12
259.13
259.12
259.12
259.12
259.12
259.12
259.12
259.12
259.13
259.13
259.13
259.12
259.13
259.13
259.13
259.13
259.13
259.13
259.12
259.12
259.13
259.13
259.13
259.13
259.12
259.13
259.12
259.12
259.13
259.13
259.13
259.12
259.13
259.13
259.13
259.12
259.13
259.13
259.13
259.13
259.13
259.13
259.13
259.13
259.13
259.13
259.13
259.13
259.13
259.13
259.13
259.13
259.13
259.13
259.13
259.13
259.13
259.13
259.13
259.13
259.13
259.13
259.13
259.12
259.12
259.12
259.12
259.12
259.12
259.12
259.12
259.12
259.12
259.12
259.12
259.12
259.12
259.11
259.11
259.11
259.11
259.11
259.12
259.12
259.12
259.12
259.12
259.12
259.12
259.12
259.12
259.12
259.12
259.12
259.12
259.12
259.12
259.12
259.12
259.11
259.12
259.12
259.12
259.12
259.12
259.12
259.12
259.12
259.12
259.12
259.12
259.12
259.12
259.12
259.12
259.12
259.12
259.12
259.12
259.12
259.12
259.12
259.12
259.12
259.12
259.11
259.12
259.11
259.12
259.12
259.12
259.12
259.12
259.12
259.12
259.12
259.12
259.12
259.12
259.12
259.12
259.12
259.11
259.12
259.12
259.12
259.12
259.11
259.12
259.12
259.11
259.11
259.11
259.11
259.11
259.12
259.12
259.12
259.11
259.12
259.12
259.12
259.12
259.12
259.12
259.12
259.12
259.12
259.12
259.12
259.12
259.12
259.11
259.12
259.11
259.12
259.12
259.12
259.12
259.12
259.11
259.11
259.11
259.11
259.11
259.11
259.11
259.11
259.11
259.12
259.12
259.11
259.11
259.11
259.11
259.11
259.11
259.11
259.11
259.11
259.11
259.11
259.11
259.11
259.11
259.11
259.11
259.11
259.11
259.11
259.11
259.11
259.11
259.11
259.11
259.11
259.11
259.11
259.11
259.11
259.11
259.11
259.11
259.11
259.11
259.11
259.11
259.11
259.11
259.11
259.11
259.11
259.11
259.11
259.11
259.11
259.11
259.11
259.11
259.11
259.11
259.11
259.11
259.11
259.11
259.11
259.11
259.11
259.11
259.11
259.1
259.1
259.11
259.1
259.1
259.1
259.1
259.1
259.1
259.1
259.1
259.1
259.1
259.1
259.1
259.1
259.1
259.11
259.1
259.1
259.11
259.11
259.11
259.11
259.11
259.11
259.11
259.11
259.11
259.11
259.11
259.1
259.1
259.1
259.1
259.1
259.1
259.1
259.1
259.1
259.1
259.1
259.1
259.1
259.1
259.1
259.1
259.1
259.1
259.1
259.1
259.1
259.1
259.1
259.1
259.1
259.1
259.1
259.1
259.1
259.1
259.1
259.1
259.1
259.1
259.1
259.1
259.1
259.09
259.1
259.1
259.1
259.1
259.1
259.1
259.1
259.09
259.1
259.1
259.1
259.1
259.1
259.1
259.1
259.1
259.1
259.09
259.1
259.1
259.1
259.1
259.1
259.1
259.1
259.1
259.1
259.1
259.1
259.1
259.1
259.1
259.1
259.1
259.1
259.09
259.1
259.1
259.1
259.1
259.1
259.1
259.1
259.1
259.1
259.1
259.1
259.1
259.1
259.1
259.1
259.1
259.1
259.1
259.1
259.1
259.1
259.1
259.1
259.1
259.1
259.09
259.09
259.09
259.09
259.09
259.09
259.09
259.09
259.09
259.09
259.09
259.09
259.09
259.09
259.09
259.09
259.09
259.09
259.09
259.1
259.09
259.09
259.09
259.09
259.09
259.09
259.09
259.09
259.09
259.09
259.09
259.09
259.09
259.09
259.09
259.09
259.09
259.09
259.09
259.09
259.09
259.09
259.09
259.09
259.09
259.09
259.09
259.09
259.09
259.09
259.09
259.09
259.09
259.09
259.09
259.09
259.09
259.09
259.09
259.09
259.09
259.09
259.09
259.09
259.09
259.09
259.09
259.09
259.09
259.09
259.09
259.09
259.09
259.09
259.09
259.09
259.09
259.09
259.09
259.09
259.09
259.09
259.09
